{
 "cells": [
  {
   "cell_type": "code",
   "execution_count": 1,
   "id": "82827838-afab-4416-a4b2-68ee3aca171f",
   "metadata": {},
   "outputs": [],
   "source": [
    "#packages\n",
    "\n",
    "import pandas as pd\n",
    "import numpy as np\n",
    "\n",
    "import plotly as plt\n",
    "import plotly.express as px\n",
    "import plotly.graph_objects as go\n",
    "import plotly.figure_factory as ff\n",
    "from ipywidgets import widgets"
   ]
  },
  {
   "cell_type": "code",
   "execution_count": 2,
   "id": "6edace11-afea-483f-9791-f8cee749abd6",
   "metadata": {},
   "outputs": [
    {
     "data": {
      "text/html": [
       "<div>\n",
       "<style scoped>\n",
       "    .dataframe tbody tr th:only-of-type {\n",
       "        vertical-align: middle;\n",
       "    }\n",
       "\n",
       "    .dataframe tbody tr th {\n",
       "        vertical-align: top;\n",
       "    }\n",
       "\n",
       "    .dataframe thead th {\n",
       "        text-align: right;\n",
       "    }\n",
       "</style>\n",
       "<table border=\"1\" class=\"dataframe\">\n",
       "  <thead>\n",
       "    <tr style=\"text-align: right;\">\n",
       "      <th></th>\n",
       "      <th>gender</th>\n",
       "      <th>race</th>\n",
       "      <th>loc</th>\n",
       "      <th>cat</th>\n",
       "      <th>specific_diagnosis</th>\n",
       "      <th>ac_abn_od_cells</th>\n",
       "      <th>ac_abn_os_cells</th>\n",
       "      <th>vit_abn_od_cells</th>\n",
       "      <th>vit_abn_os_cells</th>\n",
       "      <th>vit_abn_od_haze</th>\n",
       "      <th>...</th>\n",
       "      <th>anti-ccp_ab</th>\n",
       "      <th>anti-ena_screen</th>\n",
       "      <th>antinuclear_antibody</th>\n",
       "      <th>complement_c3</th>\n",
       "      <th>complement_c4</th>\n",
       "      <th>dna_double-stranded_ab</th>\n",
       "      <th>rheumatoid_factor</th>\n",
       "      <th>hbc__ab</th>\n",
       "      <th>hbs__ag</th>\n",
       "      <th>hcv__ab</th>\n",
       "    </tr>\n",
       "  </thead>\n",
       "  <tbody>\n",
       "    <tr>\n",
       "      <th>0</th>\n",
       "      <td>Male</td>\n",
       "      <td>Black/African American</td>\n",
       "      <td>anterior</td>\n",
       "      <td>not_uveitis</td>\n",
       "      <td>idiopathic_anterior</td>\n",
       "      <td>0.0</td>\n",
       "      <td>0.0</td>\n",
       "      <td>0.0</td>\n",
       "      <td>0.5</td>\n",
       "      <td>0.0</td>\n",
       "      <td>...</td>\n",
       "      <td>0.0</td>\n",
       "      <td>0.0</td>\n",
       "      <td>0.0</td>\n",
       "      <td>149.0</td>\n",
       "      <td>33.0</td>\n",
       "      <td>0.0</td>\n",
       "      <td>0.0</td>\n",
       "      <td>0.0</td>\n",
       "      <td>0.0</td>\n",
       "      <td>0.0</td>\n",
       "    </tr>\n",
       "    <tr>\n",
       "      <th>1</th>\n",
       "      <td>Female</td>\n",
       "      <td>Black/African American</td>\n",
       "      <td>intermediate</td>\n",
       "      <td>idiopathic</td>\n",
       "      <td>pars planitis</td>\n",
       "      <td>2.0</td>\n",
       "      <td>2.0</td>\n",
       "      <td>2.0</td>\n",
       "      <td>2.0</td>\n",
       "      <td>0.5</td>\n",
       "      <td>...</td>\n",
       "      <td>0.0</td>\n",
       "      <td>0.0</td>\n",
       "      <td>0.0</td>\n",
       "      <td>130.8</td>\n",
       "      <td>22.8</td>\n",
       "      <td>0.0</td>\n",
       "      <td>0.0</td>\n",
       "      <td>0.0</td>\n",
       "      <td>0.0</td>\n",
       "      <td>0.0</td>\n",
       "    </tr>\n",
       "    <tr>\n",
       "      <th>2</th>\n",
       "      <td>Female</td>\n",
       "      <td>White</td>\n",
       "      <td>panuveitis</td>\n",
       "      <td>systemic</td>\n",
       "      <td>vkh</td>\n",
       "      <td>0.5</td>\n",
       "      <td>0.5</td>\n",
       "      <td>1.0</td>\n",
       "      <td>1.0</td>\n",
       "      <td>0.0</td>\n",
       "      <td>...</td>\n",
       "      <td>0.0</td>\n",
       "      <td>0.0</td>\n",
       "      <td>0.0</td>\n",
       "      <td>135.9</td>\n",
       "      <td>18.2</td>\n",
       "      <td>0.0</td>\n",
       "      <td>0.0</td>\n",
       "      <td>0.0</td>\n",
       "      <td>0.0</td>\n",
       "      <td>0.0</td>\n",
       "    </tr>\n",
       "    <tr>\n",
       "      <th>3</th>\n",
       "      <td>Female</td>\n",
       "      <td>White</td>\n",
       "      <td>anterior</td>\n",
       "      <td>idiopathic</td>\n",
       "      <td>idiopathic_anterior</td>\n",
       "      <td>0.0</td>\n",
       "      <td>0.0</td>\n",
       "      <td>0.0</td>\n",
       "      <td>0.0</td>\n",
       "      <td>0.0</td>\n",
       "      <td>...</td>\n",
       "      <td>0.0</td>\n",
       "      <td>0.0</td>\n",
       "      <td>0.0</td>\n",
       "      <td>130.0</td>\n",
       "      <td>19.9</td>\n",
       "      <td>0.0</td>\n",
       "      <td>0.0</td>\n",
       "      <td>0.0</td>\n",
       "      <td>0.0</td>\n",
       "      <td>0.0</td>\n",
       "    </tr>\n",
       "    <tr>\n",
       "      <th>4</th>\n",
       "      <td>Female</td>\n",
       "      <td>unknown</td>\n",
       "      <td>anterior</td>\n",
       "      <td>idiopathic</td>\n",
       "      <td>idiopathic_anterior</td>\n",
       "      <td>0.0</td>\n",
       "      <td>0.0</td>\n",
       "      <td>0.0</td>\n",
       "      <td>0.0</td>\n",
       "      <td>0.0</td>\n",
       "      <td>...</td>\n",
       "      <td>0.0</td>\n",
       "      <td>0.0</td>\n",
       "      <td>0.0</td>\n",
       "      <td>130.4</td>\n",
       "      <td>19.0</td>\n",
       "      <td>1.0</td>\n",
       "      <td>0.0</td>\n",
       "      <td>0.0</td>\n",
       "      <td>0.0</td>\n",
       "      <td>0.0</td>\n",
       "    </tr>\n",
       "    <tr>\n",
       "      <th>...</th>\n",
       "      <td>...</td>\n",
       "      <td>...</td>\n",
       "      <td>...</td>\n",
       "      <td>...</td>\n",
       "      <td>...</td>\n",
       "      <td>...</td>\n",
       "      <td>...</td>\n",
       "      <td>...</td>\n",
       "      <td>...</td>\n",
       "      <td>...</td>\n",
       "      <td>...</td>\n",
       "      <td>...</td>\n",
       "      <td>...</td>\n",
       "      <td>...</td>\n",
       "      <td>...</td>\n",
       "      <td>...</td>\n",
       "      <td>...</td>\n",
       "      <td>...</td>\n",
       "      <td>...</td>\n",
       "      <td>...</td>\n",
       "      <td>...</td>\n",
       "    </tr>\n",
       "    <tr>\n",
       "      <th>1070</th>\n",
       "      <td>Male</td>\n",
       "      <td>Asian</td>\n",
       "      <td>panuveitis</td>\n",
       "      <td>infectious</td>\n",
       "      <td>tuberculosis</td>\n",
       "      <td>0.0</td>\n",
       "      <td>0.0</td>\n",
       "      <td>0.0</td>\n",
       "      <td>0.0</td>\n",
       "      <td>0.0</td>\n",
       "      <td>...</td>\n",
       "      <td>0.0</td>\n",
       "      <td>0.0</td>\n",
       "      <td>0.0</td>\n",
       "      <td>112.4</td>\n",
       "      <td>36.1</td>\n",
       "      <td>0.0</td>\n",
       "      <td>0.0</td>\n",
       "      <td>0.0</td>\n",
       "      <td>0.0</td>\n",
       "      <td>0.0</td>\n",
       "    </tr>\n",
       "    <tr>\n",
       "      <th>1071</th>\n",
       "      <td>Male</td>\n",
       "      <td>unknown</td>\n",
       "      <td>intermediate</td>\n",
       "      <td>idiopathic</td>\n",
       "      <td>pars planitis</td>\n",
       "      <td>0.0</td>\n",
       "      <td>1.0</td>\n",
       "      <td>0.0</td>\n",
       "      <td>2.0</td>\n",
       "      <td>0.0</td>\n",
       "      <td>...</td>\n",
       "      <td>0.0</td>\n",
       "      <td>0.0</td>\n",
       "      <td>0.0</td>\n",
       "      <td>121.5</td>\n",
       "      <td>22.3</td>\n",
       "      <td>0.0</td>\n",
       "      <td>0.0</td>\n",
       "      <td>0.0</td>\n",
       "      <td>0.0</td>\n",
       "      <td>0.0</td>\n",
       "    </tr>\n",
       "    <tr>\n",
       "      <th>1072</th>\n",
       "      <td>Female</td>\n",
       "      <td>unknown</td>\n",
       "      <td>posterior</td>\n",
       "      <td>infectious</td>\n",
       "      <td>toxoplasmosis</td>\n",
       "      <td>0.0</td>\n",
       "      <td>0.0</td>\n",
       "      <td>0.0</td>\n",
       "      <td>1.0</td>\n",
       "      <td>0.0</td>\n",
       "      <td>...</td>\n",
       "      <td>0.0</td>\n",
       "      <td>0.0</td>\n",
       "      <td>0.0</td>\n",
       "      <td>114.9</td>\n",
       "      <td>24.6</td>\n",
       "      <td>0.0</td>\n",
       "      <td>0.0</td>\n",
       "      <td>0.0</td>\n",
       "      <td>0.0</td>\n",
       "      <td>0.0</td>\n",
       "    </tr>\n",
       "    <tr>\n",
       "      <th>1073</th>\n",
       "      <td>Female</td>\n",
       "      <td>Asian</td>\n",
       "      <td>posterior</td>\n",
       "      <td>wds</td>\n",
       "      <td>wds</td>\n",
       "      <td>0.0</td>\n",
       "      <td>0.0</td>\n",
       "      <td>0.0</td>\n",
       "      <td>0.0</td>\n",
       "      <td>0.0</td>\n",
       "      <td>...</td>\n",
       "      <td>0.0</td>\n",
       "      <td>0.0</td>\n",
       "      <td>0.0</td>\n",
       "      <td>131.0</td>\n",
       "      <td>26.0</td>\n",
       "      <td>0.0</td>\n",
       "      <td>0.0</td>\n",
       "      <td>0.0</td>\n",
       "      <td>0.0</td>\n",
       "      <td>0.0</td>\n",
       "    </tr>\n",
       "    <tr>\n",
       "      <th>1074</th>\n",
       "      <td>Male</td>\n",
       "      <td>White</td>\n",
       "      <td>posterior</td>\n",
       "      <td>not_uveitis</td>\n",
       "      <td>not_uveitis</td>\n",
       "      <td>0.0</td>\n",
       "      <td>0.0</td>\n",
       "      <td>0.0</td>\n",
       "      <td>0.0</td>\n",
       "      <td>0.0</td>\n",
       "      <td>...</td>\n",
       "      <td>0.0</td>\n",
       "      <td>0.0</td>\n",
       "      <td>0.0</td>\n",
       "      <td>128.0</td>\n",
       "      <td>25.0</td>\n",
       "      <td>0.0</td>\n",
       "      <td>0.0</td>\n",
       "      <td>0.0</td>\n",
       "      <td>0.0</td>\n",
       "      <td>0.0</td>\n",
       "    </tr>\n",
       "  </tbody>\n",
       "</table>\n",
       "<p>1074 rows × 37 columns</p>\n",
       "</div>"
      ],
      "text/plain": [
       "      gender                    race           loc          cat  \\\n",
       "0       Male  Black/African American      anterior  not_uveitis   \n",
       "1     Female  Black/African American  intermediate   idiopathic   \n",
       "2     Female                   White    panuveitis     systemic   \n",
       "3     Female                   White      anterior   idiopathic   \n",
       "4     Female                 unknown      anterior   idiopathic   \n",
       "...      ...                     ...           ...          ...   \n",
       "1070    Male                   Asian    panuveitis   infectious   \n",
       "1071    Male                 unknown  intermediate   idiopathic   \n",
       "1072  Female                 unknown     posterior   infectious   \n",
       "1073  Female                   Asian     posterior          wds   \n",
       "1074    Male                   White     posterior  not_uveitis   \n",
       "\n",
       "       specific_diagnosis  ac_abn_od_cells  ac_abn_os_cells  vit_abn_od_cells  \\\n",
       "0     idiopathic_anterior              0.0              0.0               0.0   \n",
       "1           pars planitis              2.0              2.0               2.0   \n",
       "2                     vkh              0.5              0.5               1.0   \n",
       "3     idiopathic_anterior              0.0              0.0               0.0   \n",
       "4     idiopathic_anterior              0.0              0.0               0.0   \n",
       "...                   ...              ...              ...               ...   \n",
       "1070         tuberculosis              0.0              0.0               0.0   \n",
       "1071        pars planitis              0.0              1.0               0.0   \n",
       "1072        toxoplasmosis              0.0              0.0               0.0   \n",
       "1073                  wds              0.0              0.0               0.0   \n",
       "1074          not_uveitis              0.0              0.0               0.0   \n",
       "\n",
       "      vit_abn_os_cells  vit_abn_od_haze  ...  anti-ccp_ab  anti-ena_screen  \\\n",
       "0                  0.5              0.0  ...          0.0              0.0   \n",
       "1                  2.0              0.5  ...          0.0              0.0   \n",
       "2                  1.0              0.0  ...          0.0              0.0   \n",
       "3                  0.0              0.0  ...          0.0              0.0   \n",
       "4                  0.0              0.0  ...          0.0              0.0   \n",
       "...                ...              ...  ...          ...              ...   \n",
       "1070               0.0              0.0  ...          0.0              0.0   \n",
       "1071               2.0              0.0  ...          0.0              0.0   \n",
       "1072               1.0              0.0  ...          0.0              0.0   \n",
       "1073               0.0              0.0  ...          0.0              0.0   \n",
       "1074               0.0              0.0  ...          0.0              0.0   \n",
       "\n",
       "      antinuclear_antibody  complement_c3  complement_c4  \\\n",
       "0                      0.0          149.0           33.0   \n",
       "1                      0.0          130.8           22.8   \n",
       "2                      0.0          135.9           18.2   \n",
       "3                      0.0          130.0           19.9   \n",
       "4                      0.0          130.4           19.0   \n",
       "...                    ...            ...            ...   \n",
       "1070                   0.0          112.4           36.1   \n",
       "1071                   0.0          121.5           22.3   \n",
       "1072                   0.0          114.9           24.6   \n",
       "1073                   0.0          131.0           26.0   \n",
       "1074                   0.0          128.0           25.0   \n",
       "\n",
       "      dna_double-stranded_ab  rheumatoid_factor  hbc__ab  hbs__ag  hcv__ab  \n",
       "0                        0.0                0.0      0.0      0.0      0.0  \n",
       "1                        0.0                0.0      0.0      0.0      0.0  \n",
       "2                        0.0                0.0      0.0      0.0      0.0  \n",
       "3                        0.0                0.0      0.0      0.0      0.0  \n",
       "4                        1.0                0.0      0.0      0.0      0.0  \n",
       "...                      ...                ...      ...      ...      ...  \n",
       "1070                     0.0                0.0      0.0      0.0      0.0  \n",
       "1071                     0.0                0.0      0.0      0.0      0.0  \n",
       "1072                     0.0                0.0      0.0      0.0      0.0  \n",
       "1073                     0.0                0.0      0.0      0.0      0.0  \n",
       "1074                     0.0                0.0      0.0      0.0      0.0  \n",
       "\n",
       "[1074 rows x 37 columns]"
      ]
     },
     "execution_count": 2,
     "metadata": {},
     "output_type": "execute_result"
    }
   ],
   "source": [
    "df = pd.read_csv('../data/cleaned_uveitis_data.csv', index_col=0)\n",
    "df"
   ]
  },
  {
   "cell_type": "code",
   "execution_count": 3,
   "id": "8025d6fc-e104-45d5-b12d-22371210061e",
   "metadata": {},
   "outputs": [],
   "source": [
    "def df_for_column(df, column, param):\n",
    "    \n",
    "    df_tweaked = df[df[column] == param]\n",
    "    return df_tweaked"
   ]
  },
  {
   "cell_type": "code",
   "execution_count": 16,
   "id": "sustained-legend",
   "metadata": {},
   "outputs": [
    {
     "name": "stdout",
     "output_type": "stream",
     "text": [
      "['not_uveitis' 'idiopathic' 'systemic' 'infectious' 'wds']\n"
     ]
    }
   ],
   "source": [
    "column = 'cat' #use either gender, race, loc, cat or specific diagnosis\n",
    "print(df[column].unique())"
   ]
  },
  {
   "cell_type": "code",
   "execution_count": null,
   "id": "injured-glass",
   "metadata": {},
   "outputs": [],
   "source": [
    "param = 'idiopathic' #use one of the values given by the print of above cell\n",
    "df_tweaked1 = df_for_column(df, column, param) #returns a tweaked df with only values where row content of \"columns\" was equal to \"param\"\n",
    "\n",
    "corr1 = df_tweaked1.corr() #compute correlation matrix\n",
    "corr = df.corr() #compute correlation matrix"
   ]
  },
  {
   "cell_type": "code",
   "execution_count": 12,
   "id": "3a3351ef-98f5-4b26-a7e7-182bd7415269",
   "metadata": {},
   "outputs": [],
   "source": [
    "#%%timeit -n 10\n",
    "def heatmap(corr):\n",
    "    fig = ff.create_annotated_heatmap(\n",
    "        z=corr.values,\n",
    "        x=list(corr.columns),\n",
    "        y=list(corr.index),\n",
    "        annotation_text=corr.round(2).values,\n",
    "        showscale=True)\n",
    "\n",
    "    fig.update_layout(\n",
    "        #title='Uveitis Correlation Data set',\n",
    "        dragmode='select',\n",
    "        width=1500,\n",
    "        height=1500,\n",
    "        hovermode='closest')\n",
    "\n",
    "    fig.show()"
   ]
  },
  {
   "cell_type": "code",
   "execution_count": 17,
   "id": "concerned-return",
   "metadata": {},
   "outputs": [
    {
     "data": {
      "application/vnd.plotly.v1+json": {
       "config": {
        "plotlyServerURL": "https://plot.ly"
       },
       "data": [
        {
         "colorscale": [
          [
           0,
           "#0d0887"
          ],
          [
           0.1111111111111111,
           "#46039f"
          ],
          [
           0.2222222222222222,
           "#7201a8"
          ],
          [
           0.3333333333333333,
           "#9c179e"
          ],
          [
           0.4444444444444444,
           "#bd3786"
          ],
          [
           0.5555555555555556,
           "#d8576b"
          ],
          [
           0.6666666666666666,
           "#ed7953"
          ],
          [
           0.7777777777777778,
           "#fb9f3a"
          ],
          [
           0.8888888888888888,
           "#fdca26"
          ],
          [
           1,
           "#f0f921"
          ]
         ],
         "reversescale": false,
         "showscale": true,
         "type": "heatmap",
         "x": [
          "ac_abn_od_cells",
          "ac_abn_os_cells",
          "vit_abn_od_cells",
          "vit_abn_os_cells",
          "vit_abn_od_haze",
          "vit_abn_os_haze",
          "calcium",
          "lactate_dehydrogenase",
          "c-reactive_protein,_normal_and_high_sensitivity",
          "wbc",
          "rbc",
          "hemoglobin",
          "hematocrit",
          "mcv",
          "mch",
          "mchc",
          "rdw",
          "platelet_count",
          "neutrophil_%",
          "lymphocytes_%",
          "angiotensin_conv#enzyme",
          "lysozyme,_plasma",
          "anti-ccp_ab",
          "anti-ena_screen",
          "antinuclear_antibody",
          "complement_c3",
          "complement_c4",
          "dna_double-stranded_ab",
          "rheumatoid_factor",
          "hbc__ab",
          "hbs__ag",
          "hcv__ab"
         ],
         "y": [
          "ac_abn_od_cells",
          "ac_abn_os_cells",
          "vit_abn_od_cells",
          "vit_abn_os_cells",
          "vit_abn_od_haze",
          "vit_abn_os_haze",
          "calcium",
          "lactate_dehydrogenase",
          "c-reactive_protein,_normal_and_high_sensitivity",
          "wbc",
          "rbc",
          "hemoglobin",
          "hematocrit",
          "mcv",
          "mch",
          "mchc",
          "rdw",
          "platelet_count",
          "neutrophil_%",
          "lymphocytes_%",
          "angiotensin_conv#enzyme",
          "lysozyme,_plasma",
          "anti-ccp_ab",
          "anti-ena_screen",
          "antinuclear_antibody",
          "complement_c3",
          "complement_c4",
          "dna_double-stranded_ab",
          "rheumatoid_factor",
          "hbc__ab",
          "hbs__ag",
          "hcv__ab"
         ],
         "z": [
          [
           1,
           0.50329709549839,
           0.27596534039789905,
           0.05465674981316731,
           0.2465490628161738,
           0.08135755934534991,
           0.08703464688608811,
           -0.01892117570632562,
           0.019626398228785404,
           -0.004507028867000813,
           0.034062106194180375,
           -0.024047946413102653,
           -0.03090187287284578,
           -0.09267703111548434,
           -0.07450968118509982,
           -0.001853009801698227,
           0.00020443733592845776,
           0.06639840229353006,
           -0.013549253280180721,
           0.015163672964635609,
           0.04171138749338129,
           0.02937635869152242,
           -0.005832434067360796,
           -0.00035179484211226523,
           -0.008815202650449688,
           0.10400562280649019,
           0.07623393794431205,
           -0.04220112874684111,
           -0.026264687648095728,
           0.014215541596162415,
           -0.008316521594057269,
           -0.027643967426921916
          ],
          [
           0.50329709549839,
           1,
           0.09773144035416485,
           0.29239534008765916,
           0.024737448408901,
           0.2564680280917224,
           0.02127186787928838,
           0.02556354168218641,
           0.031125774383725963,
           -0.0004850976774900986,
           0.061574323858402134,
           -0.02370349727257852,
           -0.02950623574222738,
           -0.12954839036225865,
           -0.10900134414367309,
           -0.01415989815873863,
           0.027090062621271224,
           0.07334602531127862,
           -0.04552715074496045,
           0.03653082754902788,
           0.054497976386689795,
           0.038375805993643056,
           0.006217725414608431,
           -0.042238951753905664,
           0.011613264073586671,
           0.11072135926714616,
           0.07409021495543464,
           -0.042687243823380086,
           0.022275863231138764,
           -0.018752457827209013,
           -0.008026272221274649,
           -0.02773278564105932
          ],
          [
           0.27596534039789905,
           0.09773144035416485,
           1,
           0.4573307537318582,
           0.483208423584701,
           0.15019031876155217,
           0.0640337670990626,
           -0.03868837278579025,
           -0.04118344195921347,
           0.0023317154097684135,
           0.048760324789799116,
           0.016320930008791375,
           0.0033727519735278575,
           -0.07306966840502856,
           -0.028247368870961884,
           0.052257597227690224,
           -0.0010574866002453127,
           -0.0040068231280675545,
           -0.020855918695937756,
           0.03548071131864014,
           0.009298081987674773,
           -0.00590607691366542,
           -0.04168667404997278,
           0.0016753742810855453,
           -0.03846089267192716,
           -0.0012516121216847803,
           -0.009706790133717782,
           -0.02865604732487646,
           -0.025980435686618487,
           0.033104344223123125,
           0.002295785892480568,
           -0.006174994314430097
          ],
          [
           0.05465674981316731,
           0.29239534008765916,
           0.4573307537318582,
           1,
           0.08723227965670152,
           0.42715008592681736,
           0.01841517386624029,
           -0.03887358862156862,
           -0.03541240023044126,
           0.0062032451448731755,
           0.020622682046983212,
           0.03647760488939963,
           0.030810300310881892,
           0.005245537393407936,
           0.026531063112991447,
           0.034220866907863995,
           -0.026616607800670995,
           -0.034413887940595134,
           0.019642232136267448,
           -0.014513863972451371,
           0.0008180361253645628,
           -0.024234390197945575,
           -0.008606862293293953,
           -0.03399310744553503,
           -0.011309488643954622,
           -0.00915843605330765,
           -0.014815812616470588,
           -0.0021129915680358547,
           -0.023418103829396037,
           -0.035518943445773526,
           0.0012696475747334247,
           -0.017410554065544946
          ],
          [
           0.2465490628161738,
           0.024737448408901,
           0.483208423584701,
           0.08723227965670152,
           1,
           0.2774298865080822,
           0.010260247884026488,
           0.054962794652907564,
           -0.012909554274596237,
           -0.002774467762264747,
           -0.0009403890754917416,
           -0.07643025808975915,
           -0.07759090159421965,
           -0.10309030372614873,
           -0.09304044851214273,
           -0.029600243633547865,
           0.07218172823973651,
           0.024313911316154395,
           -0.005616716250965978,
           0.02928353133855622,
           -0.026812868850743365,
           -0.03576085217501741,
           -0.030863152039759863,
           0.049980763117328464,
           0.01941949458344233,
           -0.003476012102362078,
           -0.002559217352914074,
           -0.035412611408616616,
           0.008288213795381704,
           0.04108683871975901,
           0.04248162050072144,
           0.026727123629815334
          ],
          [
           0.08135755934534991,
           0.2564680280917224,
           0.15019031876155217,
           0.42715008592681736,
           0.2774298865080822,
           1,
           -0.029751999602950444,
           0.03920328483585513,
           0.018393982599742932,
           0.014003972374447605,
           -0.015327743578857324,
           -0.014299428568633372,
           -0.009186430268872873,
           0.007901517775796521,
           -0.004095003485069475,
           -0.029041773368197223,
           0.017455721415435353,
           0.01872891299053248,
           0.011411649263478128,
           -0.0027953799620074864,
           -0.011764254407594764,
           -0.0056198496623336164,
           0.015010408238488954,
           0.006737844116285202,
           0.02347291942271602,
           -0.016372261467218586,
           -0.043774926320087386,
           -0.03708984916895685,
           -0.018910197203740216,
           0.009878026501945648,
           0.025614738426373775,
           0.037145128514786165
          ],
          [
           0.08703464688608811,
           0.02127186787928838,
           0.0640337670990626,
           0.01841517386624029,
           0.010260247884026488,
           -0.029751999602950444,
           1,
           -0.022433506990780477,
           -0.02919997388238267,
           -0.02296089603984161,
           0.1728658624635363,
           0.1866679100952184,
           0.19864008671441974,
           0.01762457719973436,
           0.03610259753529717,
           0.05048069647296263,
           -0.1008404159151224,
           0.11018984717573634,
           0.005441773696602319,
           -0.013589997387634696,
           0.08184510628177838,
           0.1377138430316545,
           0.045064421688306794,
           -0.042214879459575125,
           0.011485592845583205,
           0.1982754670869096,
           0.1542605604768918,
           0.016028404218983154,
           0.02414155879344236,
           -0.03221403264594957,
           -0.13540986086055376,
           0.03874906595734518
          ],
          [
           -0.01892117570632562,
           0.02556354168218641,
           -0.03868837278579025,
           -0.03887358862156862,
           0.054962794652907564,
           0.03920328483585513,
           -0.022433506990780477,
           1,
           -0.03480233334405052,
           0.03769800519386336,
           0.02796940836298626,
           0.051567422086798854,
           0.04942613453427111,
           0.03833382277913008,
           0.03721272648681518,
           0.017560672509801603,
           0.126772141767402,
           -0.08092093260981155,
           0.07748833579615697,
           -0.09909939477095507,
           0.11164238725330719,
           0.15494287275969118,
           0.0382267321914111,
           -0.032128955012631064,
           -0.006477180682207607,
           0.0739285533122812,
           0.06667539818016084,
           0.024862982289083457,
           0.018444792678230536,
           -0.0021947182904110897,
           -0.044575339281827324,
           0.007281522087576927
          ],
          [
           0.019626398228785404,
           0.031125774383725963,
           -0.04118344195921347,
           -0.03541240023044126,
           -0.012909554274596237,
           0.018393982599742932,
           -0.02919997388238267,
           -0.03480233334405052,
           1,
           0.07397444406498666,
           -0.061740631048020515,
           -0.19459047365927384,
           -0.1693279460348095,
           -0.1466090951474038,
           -0.19680553497223882,
           -0.18318377158869292,
           0.2326230442752483,
           0.1772691519318226,
           0.09028923459398848,
           -0.11432894125351388,
           0.026061780222578924,
           0.22054153066125567,
           -0.003968008034994129,
           -0.0013450257890606746,
           0.006488091931211737,
           0.2872616402933904,
           0.23902242993076073,
           0.05941208357164477,
           0.01890456381698364,
           -0.038469982566658775,
           -0.018914560672899733,
           0.012808334409025951
          ],
          [
           -0.004507028867000813,
           -0.0004850976774900986,
           0.0023317154097684135,
           0.0062032451448731755,
           -0.002774467762264747,
           0.014003972374447605,
           -0.02296089603984161,
           0.03769800519386336,
           0.07397444406498666,
           1,
           -0.126069549180667,
           -0.1192419212235719,
           -0.11124260345881157,
           0.06541325423026993,
           -0.04476427059224111,
           -0.08231478582439193,
           0.21010703142947013,
           -0.0066191778774392545,
           0.019686133440381507,
           -0.11804894070033263,
           -0.08201886263580649,
           0.018286623814997675,
           0.0707446514099539,
           0.04772641755349179,
           0.08401965652298628,
           -0.0412479339809111,
           -0.027130106825806233,
           -0.011639863679106244,
           -0.02602550446133512,
           -0.05641691149667315,
           -0.011220351215957049,
           -0.016823444441723328
          ],
          [
           0.034062106194180375,
           0.061574323858402134,
           0.048760324789799116,
           0.020622682046983212,
           -0.0009403890754917416,
           -0.015327743578857324,
           0.1728658624635363,
           0.02796940836298626,
           -0.061740631048020515,
           -0.126069549180667,
           1,
           0.6990434411621385,
           0.7611361507602095,
           -0.4557866748074053,
           -0.309093202137988,
           0.13439672122628699,
           -0.03727454021888972,
           -0.038017744290075435,
           0.06292752211978163,
           -0.060119132607408456,
           0.0775788089671328,
           -0.04872708877895886,
           -0.0494787431168903,
           -0.07924061029603448,
           -0.08387100284659425,
           0.07250096828798115,
           0.03120240176205511,
           0.02515033683155671,
           -0.07336253386174194,
           -0.044397330970900914,
           0.0031460212084741257,
           -0.05086952650417883
          ],
          [
           -0.024047946413102653,
           -0.02370349727257852,
           0.016320930008791375,
           0.03647760488939963,
           -0.07643025808975915,
           -0.014299428568633372,
           0.1866679100952184,
           0.051567422086798854,
           -0.19459047365927384,
           -0.1192419212235719,
           0.6990434411621385,
           1,
           0.9556491935364047,
           0.2519214768693163,
           0.44960710791619507,
           0.5622037037433762,
           -0.41663261421506437,
           -0.2244097060222958,
           0.12320701595162228,
           -0.12440543662672501,
           0.03029262367193605,
           -0.11985956134498202,
           -0.05619456112606276,
           -0.11097072116725189,
           -0.13538203256628814,
           -0.10479729436615234,
           -0.12323165720450288,
           0.011379500103221514,
           -0.048223914966963696,
           -0.040868293260542005,
           -0.018812183047436,
           -0.014334747843013754
          ],
          [
           -0.03090187287284578,
           -0.02950623574222738,
           0.0033727519735278575,
           0.030810300310881892,
           -0.07759090159421965,
           -0.009186430268872873,
           0.19864008671441974,
           0.04942613453427111,
           -0.1693279460348095,
           -0.11124260345881157,
           0.7611361507602095,
           0.9556491935364047,
           1,
           0.22152607160023546,
           0.31392861347354256,
           0.3014682683792357,
           -0.32538602801656885,
           -0.18370470626620972,
           0.11897507020561879,
           -0.12284139510832189,
           0.01093794787875552,
           -0.10616706264341044,
           -0.04646956222313388,
           -0.10061685609167861,
           -0.13429223198995813,
           -0.06414958704854633,
           -0.08224332598679021,
           0.00976159066028462,
           -0.05267806130075938,
           -0.03966819853831618,
           -0.003119314644336608,
           -0.012905503859024225
          ],
          [
           -0.09267703111548434,
           -0.12954839036225865,
           -0.07306966840502856,
           0.005245537393407936,
           -0.10309030372614873,
           0.007901517775796521,
           0.01762457719973436,
           0.03833382277913008,
           -0.1466090951474038,
           0.06541325423026993,
           -0.4557866748074053,
           0.2519214768693163,
           0.22152607160023546,
           1,
           0.8923425798941105,
           0.20078006473681595,
           -0.37870313397985367,
           -0.21340052124079176,
           0.061428468864378916,
           -0.0766196012854585,
           -0.10342688807658389,
           -0.06089868010246621,
           0.009218101007556687,
           -0.01599469850477828,
           -0.05655543359464388,
           -0.20374152815049465,
           -0.15652739151071424,
           -0.029178691696037727,
           0.03684298675516128,
           0.013558420653580035,
           -0.014437384354802896,
           0.06350358082690352
          ],
          [
           -0.07450968118509982,
           -0.10900134414367309,
           -0.028247368870961884,
           0.026531063112991447,
           -0.09304044851214273,
           -0.004095003485069475,
           0.03610259753529717,
           0.03721272648681518,
           -0.19680553497223882,
           -0.04476427059224111,
           -0.309093202137988,
           0.44960710791619507,
           0.31392861347354256,
           0.8923425798941105,
           1,
           0.58952891446801,
           -0.4948656566554978,
           -0.24466734281427946,
           0.07980060890510489,
           -0.0721262760854756,
           -0.06656756723453948,
           -0.09790863185704002,
           -0.012896014681695754,
           -0.03975766305329923,
           -0.08251685693385936,
           -0.2333340376530156,
           -0.20567113289792605,
           -0.02246774481086853,
           0.0350152956408773,
           0.001952515694483327,
           -0.034923483831035024,
           0.0509764652658322
          ],
          [
           -0.001853009801698227,
           -0.01415989815873863,
           0.052257597227690224,
           0.034220866907863995,
           -0.029600243633547865,
           -0.029041773368197223,
           0.05048069647296263,
           0.017560672509801603,
           -0.18318377158869292,
           -0.08231478582439193,
           0.13439672122628699,
           0.5622037037433762,
           0.3014682683792357,
           0.20078006473681595,
           0.58952891446801,
           1,
           -0.4431330997668987,
           -0.21025701417192702,
           0.04771416714901403,
           -0.04092284932823067,
           0.0611726924505296,
           -0.10124187309092317,
           -0.041062046958777125,
           -0.08641587415110355,
           -0.06297348372113158,
           -0.1619835803956177,
           -0.16570813308132995,
           0.008376671859179612,
           -0.013795657797905573,
           -0.014670067740011245,
           -0.05580313384786549,
           -0.005556518101465195
          ],
          [
           0.00020443733592845776,
           0.027090062621271224,
           -0.0010574866002453127,
           -0.026616607800670995,
           0.07218172823973651,
           0.017455721415435353,
           -0.1008404159151224,
           0.126772141767402,
           0.2326230442752483,
           0.21010703142947013,
           -0.03727454021888972,
           -0.41663261421506437,
           -0.32538602801656885,
           -0.37870313397985367,
           -0.4948656566554978,
           -0.4431330997668987,
           1,
           0.15705897929506507,
           0.029612689912296195,
           -0.03649712280861736,
           -0.05687015334808044,
           0.16884248563110985,
           0.025944776220940654,
           0.0665616954402524,
           0.08654700180110457,
           0.17481111320500703,
           0.2157732981970157,
           -0.01491304737603312,
           0.05102657015079067,
           -0.02255329118353096,
           0.008086579948643096,
           0.0026629680042163325
          ],
          [
           0.06639840229353006,
           0.07334602531127862,
           -0.0040068231280675545,
           -0.034413887940595134,
           0.024313911316154395,
           0.01872891299053248,
           0.11018984717573634,
           -0.08092093260981155,
           0.1772691519318226,
           -0.0066191778774392545,
           -0.038017744290075435,
           -0.2244097060222958,
           -0.18370470626620972,
           -0.21340052124079176,
           -0.24466734281427946,
           -0.21025701417192702,
           0.15705897929506507,
           1,
           0.05841469925896424,
           -0.023076367242013222,
           -0.03746523626353626,
           0.012245159895141034,
           0.0060160617758876845,
           -0.008565547205509599,
           0.07681267282181728,
           0.2725879021574819,
           0.18679466335798392,
           -0.016549511270879818,
           -0.03367545264754259,
           -0.08344786930158979,
           -0.04410055803878704,
           -0.03813915528181048
          ],
          [
           -0.013549253280180721,
           -0.04552715074496045,
           -0.020855918695937756,
           0.019642232136267448,
           -0.005616716250965978,
